0.029215 0.029215 0.030122 0.031019 0.031906 0.032783 0.03365 0.034508 0.035357 0.035357 
0.029241 0.029241 0.030121 0.031018 0.031906 0.032783 0.033649 0.034485 0.035327 0.035327 
0.029314 0.029314 0.030131 0.031016 0.031904 0.032785 0.033631 0.034409 0.035258 0.035258 
0.029424 0.029424 0.03017 0.031019 0.031908 0.03278 0.033569 0.034294 0.035186 0.035186 
0.029548 0.029548 0.030238 0.031042 0.031917 0.032748 0.033463 0.034172 0.035127 0.035127 
0.029669 0.029669 0.030327 0.031094 0.03192 0.032674 0.033341 0.034066 0.035076 0.035076 
0.029782 0.029782 0.030432 0.031162 0.0319 0.032575 0.03323 0.033979 0.035028 0.035028 
0.029895 0.029895 0.030545 0.031217 0.031857 0.032481 0.033139 0.033899 0.034982 0.034982 
0.030012 0.030012 0.030645 0.03124 0.031812 0.032412 0.03306 0.033821 0.034942 0.034942 
0.030127 0.030127 0.030708 0.031239 0.031782 0.032361 0.032986 0.033752 0.034906 0.034906 
0.030221 0.030221 0.030732 0.031238 0.031768 0.032317 0.032922 0.033692 0.034871 0.034871 
0.030289 0.030289 0.030747 0.031247 0.031755 0.032276 0.032872 0.033642 0.034841 0.034841 
0.030342 0.030342 0.030781 0.031259 0.031737 0.032244 0.032833 0.0336 0.034816 0.034816 
0.030367 0.030367 0.030838 0.031268 0.031721 0.032221 0.032801 0.033568 0.034799 0.034799 
