0 9.0451e-05 0.00010739 0.00011159 0.00011292 0.00011336 0.00011177 9.8101e-05 1e-05 0 
0 -0.035801 -0.036233 -0.034219 -0.032757 -0.031804 -0.031688 -0.026782 0.00014336 0 
0 -0.052635 -0.066523 -0.064807 -0.062234 -0.061541 -0.059714 -0.035735 0.00069616 0 
0 -0.052395 -0.082407 -0.085841 -0.084652 -0.085636 -0.071611 -0.030323 0.0012673 0 
0 -0.047247 -0.083838 -0.097722 -0.10237 -0.0982 -0.065796 -0.023836 0.0016231 0 
0 -0.042539 -0.07774 -0.10391 -0.11346 -0.094928 -0.054126 -0.02148 0.0018631 0 
0 -0.037338 -0.073155 -0.10649 -0.11191 -0.081952 -0.04717 -0.020296 0.0020679 0 
0 -0.033244 -0.074196 -0.10296 -0.097831 -0.070142 -0.044831 -0.017921 0.0022339 0 
0 -0.036007 -0.076137 -0.090669 -0.079912 -0.063665 -0.041679 -0.015531 0.0023512 0 
0 -0.045346 -0.07125 -0.072948 -0.066881 -0.057959 -0.036184 -0.01419 0.0024367 0 
0 -0.049133 -0.05831 -0.057626 -0.058879 -0.048833 -0.030653 -0.012842 0.0025034 0 
0 -0.036499 -0.04327 -0.048931 -0.049903 -0.038297 -0.025785 -0.010366 0.0025453 0 
0 -0.012349 -0.031251 -0.042398 -0.037836 -0.029724 -0.020015 -0.0071373 0.0025569 0 
0 0.0061721 -0.020486 -0.030961 -0.026439 -0.022332 -0.012975 -0.0039717 0.0025455 0 
0 0.012088 -0.0084292 -0.014351 -0.017415 -0.013511 -0.0061403 -0.0010558 0.0025227 0 
