2569.2 2569.2 2513.9 2446.9 2377.1 2306.4 2235.3 2165.4 2104.8 2104.8 
-27912 -27912 -28438 -28879 -29317 -29755 -30187 -30581 -31119 -31119 
-27729 -27729 -28406 -28885 -29326 -29762 -30140 -30512 -31246 -31246 
-27582 -27582 -28311 -28878 -29341 -29737 -30038 -30517 -31375 -31375 
-27506 -27506 -28196 -28853 -29337 -29647 -29965 -30582 -31478 -31478 
-27462 -27462 -28124 -28802 -29261 -29538 -29974 -30640 -31566 -31566 
-27436 -27436 -28104 -28707 -29120 -29486 -30019 -30670 -31647 -31647 
-27448 -27448 -28077 -28568 -28992 -29492 -30037 -30696 -31723 -31723 
-27483 -27483 -27987 -28432 -28938 -29493 -30027 -30731 -31789 -31789 
-27453 -27453 -27865 -28359 -28930 -29455 -30023 -30763 -31849 -31849 
-27302 -27302 -27784 -28354 -28903 -29411 -30029 -30781 -31905 -31905 
-27116 -27116 -27765 -28355 -28848 -29397 -30028 -30794 -31954 -31954 
-27050 -27050 -27750 -28309 -28814 -29397 -30017 -30808 -31993 -31993 
-27102 -27102 -27700 -28234 -28813 -29384 -30014 -30822 -32020 -32020 
-27151 -27151 -27701 -28191 -28802 -29365 -30021 -30830 -32037 -32037 
