777.78 777.78 755.56 733.33 711.11 688.89 666.67 644.44 622.22 622.22 
782.36 782.36 755.59 733.21 711.01 688.78 666.88 646.92 619.54 619.54 
791.81 791.81 757.42 733.09 710.7 688.57 669.45 650.57 613.29 613.29 
799.32 799.32 762.34 733.52 710.02 689.97 674.76 650.38 606.85 606.85 
803.2 803.2 768.21 734.87 710.33 694.64 678.47 647.12 601.65 601.65 
805.43 805.43 771.86 737.49 714.23 700.17 678 644.18 597.24 597.24 
806.76 806.76 772.86 742.3 721.4 702.76 675.71 642.66 593.09 593.09 
806.08 806.08 774.26 749.37 727.82 702.4 674.78 641.33 589.24 589.24 
804.28 804.28 778.78 756.24 730.52 702.33 675.26 639.53 585.86 585.86 
805.88 805.88 784.97 759.86 730.89 704.26 675.45 637.9 582.8 582.8 
813.57 813.57 789.01 760.07 732.25 706.45 675.08 636.94 579.96 579.96 
822.95 822.95 789.93 760 735 707.13 675.12 636.28 577.45 577.45 
826.17 826.17 790.69 762.36 736.72 707.1 675.66 635.54 575.46 575.46 
823.52 823.52 793.21 766.12 736.73 707.76 675.83 634.84 574.05 574.05 
820.98 820.98 793.1 768.25 737.26 708.7 675.4 634.39 573.17 573.17 
