0.0091562 0.0091562 0.0092115 0.0092306 0.0092425 0.0092528 0.0092639 0.0092821 0.0093445 0.0093445 
0.0078843 0.0078843 0.0084948 0.0089866 0.0093538 0.009608 0.0097689 0.0098644 0.0099232 0.0099232 
0.0078584 0.0078584 0.0085166 0.0090167 0.0093828 0.0096289 0.0097828 0.0098723 0.0099272 0.0099272 
0.0078447 0.0078447 0.0085344 0.0090408 0.0094045 0.0096455 0.0097939 0.0098785 0.0099302 0.0099302 
0.0078275 0.0078275 0.0085658 0.0090815 0.0094417 0.0096742 0.0098122 0.0098886 0.0099348 0.0099348 
0.0078115 0.0078115 0.0086139 0.0091414 0.0094964 0.0097142 0.0098391 0.009903 0.0099416 0.0099416 
0.0077919 0.0077919 0.0086731 0.0092174 0.0095657 0.0097657 0.0098713 0.0099211 0.00995 0.00995 
0.0077755 0.0077755 0.0087496 0.0093104 0.0096461 0.0098247 0.0099096 0.0099422 0.0099599 0.0099599 
0.0077597 0.0077597 0.0088253 0.0094064 0.0097304 0.0098871 0.0099481 0.0099633 0.0099697 0.0099697 
0.0077432 0.0077432 0.008898 0.0095029 0.0098165 0.0099502 0.0099868 0.0099845 0.0099796 0.0099796 
0.0077261 0.0077261 0.0089675 0.0096018 0.0099079 0.010015 0.010025 0.010005 0.0099894 0.0099894 
0.0077164 0.0077164 0.0090311 0.00969 0.0099879 0.01007 0.010058 0.010023 0.0099976 0.0099976 
0.0077119 0.0077119 0.0090969 0.0097765 0.010063 0.010121 0.010088 0.010039 0.010005 0.010005 
0.0077064 0.0077064 0.0091592 0.0098635 0.010139 0.010173 0.010117 0.010054 0.010011 0.010011 
0.0077062 0.0077062 0.0092324 0.0099606 0.010222 0.010227 0.010148 0.010069 0.010018 0.010018 
