0.97078 0.97078 0.96988 0.96898 0.96809 0.96722 0.96635 0.96549 0.96464 0.96464 
0.97076 0.97076 0.96988 0.96898 0.96809 0.96722 0.96635 0.96552 0.96467 0.96467 
0.97069 0.97069 0.96987 0.96898 0.9681 0.96722 0.96637 0.96559 0.96474 0.96474 
0.97058 0.97058 0.96983 0.96898 0.96809 0.96722 0.96643 0.96571 0.96481 0.96481 
0.97045 0.97045 0.96976 0.96896 0.96808 0.96725 0.96654 0.96583 0.96487 0.96487 
0.97033 0.97033 0.96967 0.96891 0.96808 0.96733 0.96666 0.96593 0.96492 0.96492 
0.97022 0.97022 0.96957 0.96884 0.9681 0.96743 0.96677 0.96602 0.96497 0.96497 
0.97011 0.97011 0.96946 0.96878 0.96814 0.96752 0.96686 0.9661 0.96502 0.96502 
0.96999 0.96999 0.96936 0.96876 0.96819 0.96759 0.96694 0.96618 0.96506 0.96506 
0.96987 0.96987 0.96929 0.96876 0.96822 0.96764 0.96701 0.96625 0.96509 0.96509 
0.96978 0.96978 0.96927 0.96876 0.96823 0.96768 0.96708 0.96631 0.96513 0.96513 
0.96971 0.96971 0.96925 0.96875 0.96825 0.96772 0.96713 0.96636 0.96516 0.96516 
0.96966 0.96966 0.96922 0.96874 0.96826 0.96776 0.96717 0.9664 0.96518 0.96518 
0.96963 0.96963 0.96916 0.96873 0.96828 0.96778 0.9672 0.96643 0.9652 0.9652 
0.96965 0.96965 0.96908 0.96872 0.96829 0.9678 0.96722 0.96645 0.96521 0.96521 
