2569.2 2569.2 2513.9 2446.9 2377.1 2306.4 2235.3 2165.4 2104.8 2104.8 
2168 2168 2168.2 2168.4 2168.6 2168.7 2168.7 2168.8 2168.8 2168.8 
2164.9 2164.9 2165.1 2165.2 2165.3 2165.4 2165.4 2165.4 2165.4 2165.4 
2163 2163 2163.2 2163.3 2163.5 2163.5 2163.6 2163.6 2163.6 2163.6 
2161.8 2161.8 2162 2162.3 2162.5 2162.6 2162.6 2162.7 2162.7 2162.7 
2161.4 2161.4 2161.7 2162 2162.2 2162.3 2162.4 2162.4 2162.4 2162.4 
2161.5 2161.5 2161.7 2162.1 2162.3 2162.4 2162.5 2162.5 2162.5 2162.5 
2161.9 2161.9 2162.2 2162.5 2162.7 2162.9 2162.9 2163 2163 2163 
2162.4 2162.4 2162.6 2163 2163.2 2163.4 2163.4 2163.5 2163.5 2163.5 
2162.9 2162.9 2163.1 2163.5 2163.7 2163.9 2164 2164 2164 2164 
2163.4 2163.4 2163.7 2164 2164.3 2164.5 2164.6 2164.6 2164.6 2164.6 
2163.6 2163.6 2163.8 2164.2 2164.6 2164.8 2165 2165 2165 2165 
2163.9 2163.9 2164.1 2164.4 2164.8 2165.1 2165.3 2165.4 2165.4 2165.4 
2164.3 2164.3 2164.6 2165 2165.3 2165.5 2165.6 2165.7 2165.7 2165.7 
2165.3 2165.3 2165.7 2166.2 2166.3 2166.3 2166.2 2166.1 2166.1 2166.1 
