0 5.6315 6.8172 7.1116 7.2041 7.2349 7.1239 6.167 1.0063e-05 0 
0 0.087248 0.16725 0.2124 0.20388 0.16085 0.11104 0.071193 0.04627 0 
0 0.072896 0.12705 0.145 0.12578 0.090301 0.056959 0.033577 0.020564 0 
0 0.060783 0.10406 0.11822 0.10226 0.072584 0.044274 0.024322 0.013247 0 
0 0.087243 0.14939 0.16361 0.13393 0.089198 0.050262 0.024179 0.0098376 0 
0 0.11445 0.18902 0.19669 0.15339 0.097764 0.052926 0.023958 0.007901 0 
0 0.13414 0.22518 0.23182 0.17661 0.11012 0.058021 0.024842 0.0066693 0 
0 0.14635 0.24566 0.24941 0.18722 0.11547 0.060116 0.024983 0.0058408 0 
0 0.14375 0.24149 0.2424 0.17915 0.10881 0.055732 0.022825 0.0052207 0 
0 0.1479 0.24914 0.2481 0.18095 0.10826 0.054647 0.022041 0.0047463 0 
0 0.12788 0.22099 0.22371 0.1636 0.096272 0.047304 0.01882 0.0043695 0 
0 0.070276 0.11895 0.12288 0.093003 0.056975 0.02943 0.012681 0.0040306 0 
0 -0.0026811 -0.00068148 0.0037333 0.0088498 0.010288 0.0083687 0.0055417 0.0037307 0 
0 -0.080092 -0.10658 -0.085261 -0.054167 -0.029968 -0.011324 -0.0026349 0.0034747 0 
0 -0.21187 -0.21562 -0.13809 -0.065554 -0.024888 -0.0022044 0.003469 0.0032623 0 
