777.78 777.78 755.56 733.33 711.11 688.89 666.67 644.44 622.22 622.22 
777.81 777.81 755.58 733.36 711.14 688.92 666.67 644.43 622.21 622.21 
777.83 777.83 755.61 733.39 711.17 688.94 666.67 644.42 622.2 622.2 
777.86 777.86 755.64 733.42 711.19 688.97 666.67 644.4 622.18 622.18 
777.89 777.89 755.66 733.44 711.22 689 666.67 644.39 622.17 622.17 
777.91 777.91 755.69 733.47 711.25 689.03 666.67 644.37 622.16 622.16 
777.94 777.94 755.72 733.5 711.28 689.05 666.67 644.36 622.15 622.15 
777.97 777.97 755.75 733.53 711.3 689.08 666.67 644.34 622.13 622.13 
777.99 777.99 755.77 733.55 711.33 689.11 666.67 644.33 622.12 622.12 
778.02 778.02 755.8 733.58 711.36 689.14 666.67 644.32 622.11 622.11 
778.05 778.05 755.83 733.61 711.39 689.16 666.67 644.3 622.1 622.1 
778.08 778.08 755.86 733.63 711.41 689.19 666.67 644.29 622.08 622.08 
778.1 778.1 755.88 733.66 711.44 689.22 666.67 644.27 622.07 622.07 
778.13 778.13 755.91 733.69 711.47 689.25 666.67 644.26 622.06 622.06 
778.16 778.16 755.94 733.72 711.5 689.28 666.67 644.25 622.05 622.05 
